Acalyptratae .41431149248535948775 .12138388350006601734 .08406741504101744058 .38023720897355705431
Acaroidea .24649688284444863469 .13525744522880746703 .17578635994013175727 .44245931198661214099
Accipitridae .31407445596498515448 .31151939800537189917 .12715320063415657042 .24725294539548637591
Accipitriformes .30963489594904835962 .31827318796881116365 .13702775044699061584 .23506416563514986087
Achelata .34341969485629395418 .20559599293196012001 .11891869447336490063 .33206561773838102517
Acraea .39107199902125374676 .12439593004683028947 .07670244074846900976 .40782963018344695399
Acrididae .44164353515770402804 .13890823031288063766 .09923057625765654510 .32021765827175878919
Acridomorpha .43149102779921348192 .14337939363560979445 .10050834053125453532 .32462123803392218828
Acrodonta .36358650806748505198 .27124141520571769514 .11757835806685031673 .24759371865994693613
Adephaga .40910741450093471646 .11729374381437630585 .07940393497305817235 .39419490671163080532
Afrotheria .33266064834151445101 .26561408006881236637 .13004875587737834808 .27167651571229483452
Aleocharinae .40835460435892401335 .12016046980704353569 .07698177534227013905 .39450315049176231190
Aleyrodoidea .32272392211731232422 .10581396986670547967 .14506519177226779099 .42639691624371440510
Alpheoidea .34789599247510960237 .22852623459301474058 .12675469573340016338 .29682307719847549365
Ambystoma .34708772309210215100 .20402832872676159132 .13279090669495935179 .31609304148617690587
Americhelydia .35475352486403640979 .26194590326100339219 .11906207411873092158 .26423849775622927643
Amphisbaenia .32665816576753310446 .29743207454634624816 .14082197155468366846 .23508778813143697891
Anareolatae .45392643056320860258 .13157675032142797508 .09706957872063317136 .31742724039473025096
Anatidae .29882 .327732 .1528 .220648
Anguimorpha .30885460753997731211 .28295644963463299186 .15548971847449916791 .25269922435089052809
Anomaluromorpha .34095253732393540291 .26235237547937654661 .12560545111238814547 .27108963608429990500
Anomopoda .33188123631053784375 .17439157945972256023 .15312728157702604039 .34059990265271355560
Anopheles .41372834942274117479 .11614652538913951485 .08248517071434093961 .38763995447377837072
Anostraca .33346514451118483749 .17921443174224060548 .16388347364633215625 .32343695010024240075
Anura .31747174429486718018 .24789671969860581191 .13513648782527912900 .29949504818124787889
Aphidinae .46150097000162463326 .09710289662554114622 .05287345062548380622 .38852268274735041428
Aphidomorpha .46342416284385697430 .09505083273444513848 .05123348579795415314 .39029151862374373406
Apidae .41772109073685635022 .08669315212383078950 .06647543651062157050 .42911032062869128976
Directory /home/projects/animalia_mito/data/Apocrita/Apocrita_renamed.anc.fa does not exist. Skipping...
Apodiformes .31353380813325224541 .32113328742818944416 .13394752405412786090 .23138538038443044951
Apoditrysia .40641216060852758944 .10769173404261930359 .07272252707985060249 .41317357826900250445
Arachnida .40197585945902880133 .22793291638449587698 .08878620085248775046 .28130502330398757120
Aradidae .40817800133866093341 .19585015110642354420 .12206559438573717623 .27390625316917834614
Araneae .31266297218429577276 .10308141247021658233 .19337938050491259068 .39087623484057505421
Archaeognatha .38449409310336462654 .17284646920408509812 .10489896417048734929 .33776047352206292603
Arctiinae .40295292638072724997 .11350235075387637194 .07143909740740815506 .41210562545798822301
Argasidae .39685460141373828930 .17135996211993100416 .07889200798187168126 .35289342848445902526
Astacidea .33656903938045806557 .11873043334981051244 .15827360355907068709 .38642692371066073488
Astigmata .24978712255190934695 .13840309163555380886 .18547629964411257396 .42633348616842427021
Athyma .38917881298077938164 .10941887716680625250 .07505260861303286014 .42634970123938150569
Atkinsoniella .43103033593614188997 .11118017007556003248 .09026721056554529196 .36752228342275278557
Atyoidea .35062333886433385706 .21126855699622619344 .12508480051687934097 .31302330362256060850
Azeliinae .40761417018913041431 .11695207252666559972 .08312700639221260932 .39230675089199137663
Bactrocera .39441276925798418810 .17059847203133953531 .09972165146408910781 .33526710724658716875
Balanomorpha .35342250794092709532 .16818061021753711038 .12160058718568481795 .35679629465585097632
Bifurcata .33143284973654098800 .28230657305513568492 .13251211346395626439 .25374846374436706267
Blattodea .44423095591777374408 .15800328597307113930 .09737213736612956698 .30039362074302554963
Bombycidae .41980917647965276796 .11157654129159015319 .07060213424421815006 .39801214798453892876
Bostrichiformia .41915787591632397639 .15549123904881101376 .09375782227784730913 .33159306275701770069
Bovidae .34145930995771413647 .26147327611927471393 .12974420426101329581 .26732320966199785376
Braconidae .40265850640545927402 .06086112490089876484 .07627646095596570912 .46020390773767625200
Bucerotiformes .30461449416069978248 .32264117476824839664 .14366265555130275674 .22908167551974906412
Buprestidae .39803100585149964839 .17286117042895943949 .10471732805171512809 .32439049566782578401
Calliphoridae .39972314182755690973 .12723573960683209796 .09174955321829314739 .38129156534731784490
Callosciurinae .32496110166573214507 .26413366242916716998 .12391395670430595094 .28699127920079473398
Calopterygoidea .41729124221272589530 .18013886539324355136 .12618509991982877190 .27638479247420178141
Calyptratae .42719686914748174766 .11335016645012318113 .07189710258562748822 .38755586181676758297
Canidae .31837487623567869996 .25866743151707554731 .14127206148139999057 .28168563076584576215
Caniformia .33686311141304347826 .25377038043478260869 .13403108016304347826 .27533542798913043478
Carabinae .41105282803874187147 .12251232785210506669 .08500815308147187678 .38142669102768118504
Cardinalidae .30377316448174694544 .32609648308389348980 .13946967727559698443 .23066067515876258030
Caridea .34338491335792141429 .22545896606432736488 .11918076360414563286 .31197535697360558795
Carnivora .33495280837955320685 .27011469708420218030 .13250697708100841334 .26242551745523619949
Caudata .34231604839987939358 .20357338221150694857 .13233574824244749985 .32177482114616615798
Cavilabiata .40714879286214135759 .14148005598320503848 .10803665150454863540 .34333449965010496850
Cephalophus .33586166336225451855 .26605368305533829298 .13283130521248279583 .26525334836992439262
Cerambycinae .40286268872011578544 .16274825861977162385 .10377125597200238154 .33061779668811020915
Cercopithecidae .32273014104198062747 .28704225702266806180 .12287813677467284095 .26734946516067846976
Cervus .33202540550716883168 .24083707380874528105 .13723663915394244456 .28990088153014344269
Cetacea .32927325445447317962 .27771828087733246036 .12919375204601786465 .26381471262217649534
Charadriiformes .31628001018038254472 .30454640986326540204 .13000738698489525645 .24916619297145679677
Chelodina .35885496000095949722 .25164313899516653273 .12608992887726831140 .26341197212660565863
Chelonoidis .34736448442791548066 .28006897841308096652 .12569861419874924684 .24686792296025430595
Cherax .33775383237724890105 .22308306926602894721 .11147227107776565665 .32769082727895649506
Chironominae .41449967932192306241 .11459148128120323444 .06849432211169657566 .40241451728517712747
Chrysomus .30532151657260949050 .31912208886416024163 .14064859709085128368 .23490779747237898418
Cicadettinae .37996080609496662230 .11070706223866363455 .11653898955178520901 .39279314211458453412
Cimicomorpha .42444479576127714242 .13785365539195446933 .10246394184649057507 .33523760700027781316
Cingulata .34075317450142662496 .27870020601835978378 .12780741010175696989 .25273920937845662135
Coccinellinae .41291302324442158375 .12401107110490606706 .08638541021522871769 .37669049543544363149
Coenagrionoidea .41551251609910333335 .14404653632751222311 .11503457873758614164 .32540636883579830188
Coleoptera .40883254958086280924 .13560621549785319975 .09308934778163974647 .36247188713964424453
Colubridae .34749960401922826393 .27103079652586621379 .12249817473951963080 .25897142471538589146
Colubroidea .33438946917496080790 .28206460315724233475 .12494873126982390900 .25859719639797294833
Coptotermes .43313982979203065997 .23925829904751169475 .11857521275996167502 .20902665840049597024
Coraciiformes .31455969562558841513 .31900301850899243916 .13117217148236938397 .23526511438304976172
Coreidae .42246443349988671190 .16401493017875669294 .10016575837437542483 .31335487794698117032
Coronuloidea .35394843401809202691 .19891701910302080741 .11805338682955489802 .32908116004933226764
Corvoidea .32210592125992065953 .30479888258454423888 .13627159348306634282 .23682360267246875876
Corvus .31037586562332138035 .29677995383342285971 .14566184192060703725 .24718233862264872267
Cossoidea .40222245518398154942 .11742320998008176957 .07382325191319844847 .40653108292273823251
Crambidae .41196464030630809925 .10186110686178262877 .06862673750090968634 .41754751533099958562
Crangonyctoidea .34363212175391928133 .20310489937422323005 .12007500599611887578 .33318797287573861282
Cricetidae .34074575096542463690 .25790915179240788066 .12684574641179678380 .27449935083037069862
Crocidura .32899175706937987107 .22491745839229162455 .12925454259596163780 .31683624194236686656
Crocodylia .32404375980372440976 .29506897799943691429 .13083698668704500663 .25005027550979366930
Crocodylus .32398734715296283592 .28129131743812095254 .14563673195371567446 .24908460345520053707
Cryptodira .35791516559603740402 .27689077276614183936 .11534215190719522792 .24985190973062552868
Cryptorhynchinae .37138770495642367928 .20757748802957209097 .10270248847992679034 .31833231853407743939
Cucujiformia .41067995222364499155 .13713320349068683890 .08068780734507656053 .37149903694059160900
Cucujoidea .40439420758146331032 .13796641680229035745 .08109504745839223559 .37654432815785409662
Cuculiformes .33376973581366265436 .29894090980146943879 .12430436141941535094 .24298499296545255588
Culex .39881244682984859907 .12002102598507431717 .08665610756451311703 .39451041962056396671
Culicinae .41655736335274415281 .11080605052428231704 .07222237694122345899 .40041420918175007115
Culicomorpha .40022865005412733582 .12435123076456126506 .08578423933387966532 .38963587984743173379
Darevskia .32072518369946932579 .27451082542215949589 .12670586535888589202 .27805812551948528628
Dermacentor .38856483600059296307 .11948528226975952769 .08872854537134312581 .40322133635830438341
Didelphidae .35037575900247947206 .21766387160991686476 .12032220342929666409 .31163816595830699907
Dionycha .35102830117535524600 .08455070402809648470 .14615720241750428234 .41826379237904398694
Dipodidae .31093524581891152181 .27340192475524973729 .13361672316652516964 .28204610625931357124
Diprotodontia .34721677183132525722 .26217485502974240286 .11882541693208802802 .27178295620684431189
Ditrysia .40908649268377994986 .10112741002038093953 .06408050871190861840 .42570558858393049219
Dolichopodidae .40724069871136525969 .13751495095242321655 .09106662102135608836 .36417772931485543538
Emberiza .30069180289005506406 .33296516201334037348 .14204588312625941530 .22429715197034514714
Empidoidea .39790198088146087393 .13085949756311837178 .08896186750894220511 .38227665404647854916
Endopterygota .37862398970605975310 .14655796372994491133 .09945112388917929952 .37536692267481603602
Epeorus .31987547176861851201 .22442173311909121482 .13418313964351107955 .32151965546877919360
Epiprocta .40433950990744533337 .14841439538842521785 .10827731076647890181 .33896878393765054694
Equus .32414701376587402007 .28908063335537396973 .13109552847187642005 .25567682440687559013
Eremias .31451176611853998263 .27139264291011197407 .12804049328762532097 .28605509768372272231
Eulipotyphla .34937231428538156071 .22750812264908991394 .12155733600400600901 .30156222706152251633
Eumantodea .38138158545023228229 .16100993377483443708 .10070302461203914203 .35690545616289413857
Felidae .32744540028660621167 .26597882347359348133 .13735571942815822560 .26922005681164208138
Folivora .32750247621334453882 .30273734129723564546 .13342137647447249152 .23633880601494732418
Fordinae .45202437002274231210 .10223391875137861005 .05620165357145573615 .38954005765442334167
Formicidae .41475494286447042928 .11519566359770910953 .04528418468142535426 .42476520885639510691
Fulgoroidea .45479009302446311557 .12465349662961978387 .08068594465075772018 .33987046569515938036
Galliformes .30603085982670001579 .32474644307131177186 .13040381554494652855 .23881888155704168378
Galloanserae .29935643215601443780 .32822167244758838179 .15108097020028096522 .22134092519611621517
Garrulax .29611696242973869989 .33086933010532373529 .14211510698569720542 .23089860047924035938
Gebiidea .36813113951424520314 .19713429831451314013 .10574330412548155553 .32899125804576010119
Gekkonidae .32421326659543757878 .29404861156624228965 .14266444545716423893 .23907367638115589263
Geometridae .42561392485611379536 .09823242683763619907 .06556422882601138630 .41058941948023861926
Glires .31535840392506890763 .28813497476661221419 .13336926073752224411 .26313736057079663405
Gonodactyloidea .34101364227484122438 .18785416058762288674 .13224036629165721037 .33889183084587867849
Grapsoidea .36410610225855948047 .16570277057727986384 .09506380611782827436 .37512732104633238132
Gruiformes .32900522858867605677 .30631595307751689695 .12411307628037737890 .24056574205342966736
Grus .31580190512638055886 .31056669437252216966 .13398970298924255380 .23964169751185471766
Gryllidea .39420390761322709026 .16793625415817839552 .08751386059465174450 .35034597763394276971
Gymnophiona .34950224270501241383 .24606375882175487595 .12398186007843448284 .28045213839479822736
Hadziida .37360897927858787413 .12557159759529291378 .11620219365566641084 .38461722947045280122
Haemaphysalis .39368660407726941927 .11774768762475351272 .08844703203655108061 .40011867626142598738
Harpalinae .42312962547280749657 .10884036946827792537 .07738799194593996978 .39064201311297460826
Henophidia .36120482465189679304 .26904739333850074444 .11681044337502579058 .25293733863457667192
Hepialoidea .41306328897152363244 .10414729914864468147 .07252116156179665329 .41026825031803503278
Hesperiidae .41264289704769667463 .09952390347337227400 .06403156173876536419 .42380163774016568717
Heterotermes .42741103083067809540 .23401379579790449590 .12367117111171534089 .21490400225970206778
Heterotremata .35043277191936176838 .18268435924965615563 .10234255280293813800 .36454031602804393797
Directory /home/projects/animalia_mito/data/Hippoboscoidea/Hippoboscoidea_renamed.anc.fa does not exist. Skipping...
Hirundo .32010148427536428513 .30549480367948335277 .14122052478766993189 .23318318725748243019
Homininae .31071238770087308616 .31117803365810451727 .12934328735923067189 .24876629128179172466
Hominoidea .30993952530036659441 .31802734740841829225 .13137860908190843167 .24065451820930668165
Hydropsychoidea .40717357826084288931 .12235331652217661531 .06561873032818568352 .40485437488879481185
Hymenopodidae .39572750678449655556 .14434741261336487834 .09381161134692552130 .36611346925521304478
Hymenoptera .42035888109571900425 .11672989459286224694 .07220250928484461877 .39070871502657413001
Hynobius .33911105514983631327 .20248300176278015613 .13319818685469654998 .32520775623268698060
Hypsiglena .33938224218370204830 .28209053772647129247 .12808280305613803411 .25044441703368862510
Hystricomorpha .34411080402376176066 .24979356606128902208 .12314998761396367734 .28294564230098553990
Isotomidae .37349510714211196194 .16467753041083314207 .11928558015314958165 .34254178229390531433
Ixodes .38985180749742898493 .13616847599893668724 .07650213065321235913 .39747758585042196868
Junonia .39928229152149909415 .11520855890140754478 .07478720667216963433 .41072194290492372672
Lacertibaenia .31995828476780565609 .26789644807067051101 .12552604134715661615 .28661922581436721673
Lampyridae .43805358936452179175 .11706153534860065733 .08545533095506754724 .35942954433181000366
Laurasiatheria .34001922172054421496 .26720193819015487500 .13513770560733629000 .25764113448196462002
Lepadoidea .36285095446684015711 .16874504986503305477 .12742657636542906557 .34097741930269772253
Lepilemur .32277304640596393248 .27547760425431232452 .13345842543376297366 .26829092390596076932
Lepus .31748068624721603563 .25759717775612472160 .13094854885857461024 .29397358713808463251
Lethe .38367198897824068685 .12580829392801751788 .07769907240743698081 .41282064468630481444
Limenitidinae .38878398579312360207 .11111345269807015769 .07521692461588607523 .42488563689292016499
Limenitis .39144761735904050024 .11205623460780858438 .07446415173484456994 .42203199629830634542
Lonchura .31585199263526756548 .31939577517768406881 .13849458533784720159 .22625764684920116410
Lorisiformes .32851143060546192115 .27564461706313266410 .13006499879943889565 .26577895353196651908
Lucanidae .36814139832115297882 .20573280707619883185 .10359958084920668756 .32252621375344150176
Luperina .41024273139503867698 .11905738966288446149 .08042144571885836222 .39027843322321849929
Lycaenidae .40291355442017227429 .09873811535315337061 .07171688726180418661 .42663144296487016847
Lycosoidea .33683485448596521439 .08007232650249698639 .15051489581539521267 .43257792319614258653
Macaca .31966354321433433765 .30523804731941492982 .12553200305439305776 .24956640641185767475
Directory /home/projects/animalia_mito/data/Macroglossinae/Macroglossinae_renamed.anc.fa does not exist. Skipping...
Macrotermes .44501816330462063461 .22797699314748052948 .11232352698351542504 .21468131656438341084
Majoidea .34184579683367152229 .17735398760523725467 .10580640194444902695 .37499381361664219608
Mantidae .39315487751260303326 .14702542803358532285 .09740085115828385317 .36241884329552779070
Martes .32133919444906015700 .27555803964813164347 .14469000035247259525 .25841276555033560426
Megachiroptera .34346763048793451684 .27560327415754225576 .13043212501328797703 .25049697034123525034
Meliphagoidea .30064987457274047559 .32217641967520941217 .14158463772793287074 .23558906802411724148
Merostomata .38075165676480024782 .18427428723157091174 .08880701870844258577 .34616703729518625466
Metatheria .33689018617860523824 .23659987377721678763 .12944461975386557273 .29706532029031240138
Microcebus .33573582598422748893 .23256681554866990683 .12861194303104414299 .30308541543605846123
Microchiroptera .33540689089512860161 .26145355436306794352 .13227163468520224592 .27086792005660120893
Microhylidae .29286735894245986408 .25434788128062558712 .14159071097908785470 .31119404879782669408
Microtus .33017121446426888818 .27440873088456187609 .13298913073601711590 .26243092391515211981
Muridae .35309327698418001906 .24670320405597567744 .11656186605904127266 .28364165290080303083
Mus .34792346969890172032 .23766860893814484429 .12036723899918502214 .29404068236376841323
Muscicapidae .29839118631070542908 .32782168543564436033 .14181091259902413684 .23197621565462607372
Mustela .33073007484507873487 .26116975614990476701 .13593838023446092764 .27216178877055557045
Mustelidae .33028689709186860728 .27100539855106246095 .13574885082656571966 .26295885353050321209
Myomorpha .33906448527348960033 .25090745100817783071 .11848902106358715790 .29153904265474541104
Myotis .34031415013796591934 .22977815722494466643 .13059970792084065984 .29930798471624875438
Myrmeleontidae .39845371418899586125 .15522904131891691484 .09910616056064446710 .34721108393144275679
Myrmicinae .39377300010718496552 .15197934902997606202 .05498365429275786916 .39926399657008110329
Nasutitermes .42291072172413390378 .22426626594672033822 .11894686437939666213 .23387614794974909584
Directory /home/projects/animalia_mito/data/Nematocera/Nematocera_renamed.anc.fa does not exist. Skipping...
Nemouridae .37156935242519986953 .18757236011622435184 .11680198786466386314 .32405629959391191548
Neobatrachia .30058243256152492492 .25945864951874515387 .13817243902545469357 .30178647889427522763
Neognathae .329405 .308726 .117991 .243879
Nesophrosyne .40999708189573785124 .15351288257205142729 .10539505982113737404 .33109497571107334740
Neuropterida .41112780365788292508 .11087984852512452228 .07355639127232794572 .40443595654466460691
Noctuidae .41095142786865207971 .10231319097821816841 .06828407777939299800 .41845130337373675386
Nolidae .40262352908755201587 .10860638796263124534 .07476506737950230109 .41400501557031443767
Notodontidae .40876080741801156562 .11583463508239092503 .07274855429707726515 .40265600320252024419
Notostraca .35935741766779908049 .17390232662815745196 .12540857991019279613 .34133167579385067141
Nymphalinae .40279833319449195576 .11522120976332567047 .07442488651932937842 .40755557052285299534
Obtectomera .41184160300716251687 .10715926087314953304 .06753576582262257990 .41346337029706537017
Ochthebius .42200428202534526084 .10992566814719843704 .07915641603081504175 .38891363379664126035
Ocypodidae .35817098031120171341 .18512631280158955435 .10872448584625706396 .34797822104095166825
Odontoceti .32824244088272643031 .26488820465551082979 .12935061567384730373 .27751873878791543616
Oestroidea .39460870475777317366 .13849600215412462508 .09173354675123600379 .37516174633686619744
Olethreutinae .40535315642908103380 .11054981473383811649 .07516896427393308938 .40892806456314776031
Orbiculariae .36199271816303117476 .09444170987184962872 .15220035202567987114 .39136521993943932536
Orconectes .31579553569371818202 .10383696912456904164 .18410080394370090530 .39626669123801187103
Ornithodoros .38592935292653747784 .19100975362575221053 .08467034663900190994 .33839054680870840167
Otariidae .33398862430849820494 .26872823604859541975 .13853110933969445060 .25875203030321192469
Directory /home/projects/animalia_mito/data/Paguroidea/Paguroidea_renamed.anc.fa does not exist. Skipping...
Palaemonoidea .35363446720937256361 .21783624704122270374 .12488322926397561335 .30364605648542911928
Palaeognathae .30783736678190805451 .30502657218777679362 .13634318123374953570 .25079287979656561616
Pamphagidae .41905574588942522001 .16447075155698765872 .11176242087700752703 .30471108167657959422
Panheteroptera .43902535867436073905 .15649849118534596855 .09875853671448991476 .30571761342580337762
Pannota .30444875732509280021 .21005068681577509374 .14733847110474647170 .33816208475438563433
Papilio .40153530288164540862 .11197172862385987862 .07245176060176605254 .41404120789272866019
Papilionidae .40268731475725881282 .11271316991432663982 .07463762240660162337 .40996189292181292397
Papilioninae .38675716407715410219 .11403974802398325942 .07373334345285207793 .42546974444601056044
Papilionoidea .40277628197700177905 .10192526600639369627 .06677254664058293060 .42852590537602159406
Parastacoidea .34504792332268370607 .22888034512012418548 .10296204039638273677 .32310969116080937167
Paridae .29439506885974693540 .34276689321346704347 .14136081629967059924 .22147722162711542187
Parnassiinae .40309092125510135813 .10732431060334751415 .07216872163999071228 .41741604650156041542
Passeriformes .31328650921897508240 .31646301948950969308 .12794095547827947395 .24230951581323575054
Passeroidea .30886772362127196067 .31770697093192094174 .14019461005154243549 .23323069539526466208
Pecora .33792635004080301437 .24052357764699622788 .13015643343649827908 .29139363887570247865
Pelecaniformes .32496357426250864276 .30322979818212571998 .12848047550795728025 .24332615204740835699
Penaeoidea .34565119423163587201 .19506692347215564479 .12208833381651802757 .33719354847969045561
Pentastomida .33261955011067071601 .30632624697585834148 .07310444227106604210 .28794976064240490039
Pentatomomorpha .42902339153292098007 .14715824205188734853 .09594036620227506396 .32787800021291660742
Perissodactyla .34094978133896862434 .27467641102403803821 .12373426080831205423 .26063954682868128320
Perlidae .35098548294220453190 .21751341085193005142 .11699516098073484396 .31450594522513057270
Petroicidae .30512162248892882356 .32272639753545985495 .14236891085296194082 .22978306912264938065
Directory /home/projects/animalia_mito/data/Phlaeothripidae/Phlaeothripidae_renamed.anc.fa does not exist. Skipping...
Phocidae .33511709325738748707 .27287672102599452174 .13781586155604331815 .25419032416057467302
Phrynocephalus .36389317613234302652 .24763892061758593214 .12118257342330044073 .26728532982677060059
Phyllostomidae .32280005450367336317 .27885493109690691653 .13287421843064253888 .26547079596877718140
Phymatidae .40685702573158425832 .15807896064581231079 .11689581231079717457 .31816820131180625630
Piciformes .29944027444607805205 .32952301523840640144 .12708320794678451569 .24395350236873103080
Pieridae .39858990582937531842 .11461740102223610038 .07342597005604220421 .41336672309234637697
Pitheciidae .32301288550612726234 .26139042358445801111 .12786406420745041516 .28773262670196431138
Directory /home/projects/animalia_mito/data/Platypezoidea/Platypezoidea_renamed.anc.fa does not exist. Skipping...
Platyrrhini .33045145231429676254 .26631620145627507391 .12674897650584346656 .27648336972358469696
Plecoptera .36624468678202756303 .19083978139903199116 .11231175139999076734 .33060378041894967845
Pleocyemata .32843101776124372132 .15170398892153882527 .15020337854464919010 .36966161477256826329
Plethodontidae .34968204704218165141 .21191750339914157545 .13470935321037214544 .30369109634830462767
Poduromorpha .36279347802397950129 .17780074784162694471 .10094927940073040651 .35845649473366314747
Prioninae .38413531397986598229 .18811612080410625241 .11323555546263289392 .31451300975339487136
Proboscidea .32900661987159645742 .25240881451379389534 .13386518626501452777 .28471937934959511946
Procellariiformes .31513631349477333613 .30861939906497872563 .13333245784524872616 .24291182959499921206
Proechimys .35028124014993555375 .23222104987443711274 .12145638150992146585 .29604132846570586764
Protobothrops .33207949615922290919 .29865825010448643117 .12366509576721864326 .24559715796907201637
Psittaciformes .30379437723457865621 .31524644333351578046 .13642579945334756676 .24453337997855799656
Psoroptidia .28304974196427549747 .10982824318293645798 .16895332471307114004 .43816869013971690448
Directory /home/projects/animalia_mito/data/Psychodoidea/Psychodoidea_renamed.anc.fa does not exist. Skipping...
Pteropodidae .33151926458228727434 .28009185522723550679 .13973368462918671050 .24865519556129050835
Pteropodinae .32353276401382914504 .27722454631032837887 .13976470190931694323 .25947798776652553283
Pyralidae .39296251667385688004 .11232105046538036228 .07037855233731522391 .42433788052344753375
Pyrgomorphoidea .42946898323748929401 .15488192830050165178 .10275908479138627187 .31289000367062278233
Rana .28159899510345549494 .27324579257725723723 .13910024540876260482 .30605496691052466299
Ranoidea .29898603361556352470 .25403558621005717166 .14140763740103802660 .30557074277334127702
Rattus .34330204292857680728 .26074696428600038772 .12256930592338737457 .27338168686203543041
Reduvioidea .41178744550179574458 .17575472955088759553 .11072433841853784387 .30173348652877881600
Reticulitermes .42681579284068080496 .22077309215259788274 .12188090399573292213 .23053021101098839015
Rhacophoridae .31961551244936199729 .22940400094411876628 .13706581374848868743 .31391467285803054898
Rhinolophus .31809330992370143757 .28950884582639123686 .14216666734560030633 .25023117690430701922
Rodentia .33277271936437974830 .25743780084672040828 .13027508747511067293 .27951439231378917048
Ruminantia .32603746618345158491 .27082844163136133939 .13673625644428564136 .26639783574090143433
Salamandridae .33179297087998942492 .25384034941809549512 .14564549264977225034 .26872118705214282960
Sarcophaga .40544424692741494234 .13158194114783620825 .09038635517620591369 .37258745674854293570
Saturniidae .39692849976098296412 .11680841339966274958 .07292383498894217888 .41333925185041210739
Satyrini .38723690023857912874 .11902094194574533887 .07691437660157285499 .41682778121410267738
Scandentia .32729211087420042643 .26839578332115645548 .14277513531244874528 .26153697049219437279
Scarabaeiformia .38937942053596449768 .17130703563197717947 .09040040488031353128 .34891313895174479155
Sciaroidea .40946277361575441079 .11742294833939334781 .08039788672246760535 .39271639132238463603
Scincidae .32123285716324404549 .28954269119346966734 .14075678221283518616 .24846766943045110099
Sciurinae .32008872763394379180 .25237427796554999487 .12626991776839618207 .30126707663211003124
Setisura .32722432994737486231 .20249459470485048749 .13587688165463223595 .33440419369314241422
Silphidae .39503046557650244766 .14961983126757629413 .09641573794396417039 .35893396521195708780
Sinopodisma .42985065256119477951 .13342384693260922453 .10238108318095133455 .33434441732524466139
Smerinthinae .42153366914103923647 .11139481707317073170 .06994465800636267232 .39712685577942735949
Sorex .33152687454838530376 .24888061314607921244 .13032133350625930249 .28927117879927618130
Sphenisciformes .31022059012352019722 .32704861200277342646 .13538686731208751701 .22734393056161885929
Staphyliniformia .39636409568782914553 .14368720729124157095 .08877941662294253677 .37116928039798674673
Stratiomyidae .38164313514251682358 .15969319242236873051 .09753506968416420729 .36112860275095023860
Strepsirrhini .33307353722848320881 .26450329174604880981 .12608671416655219711 .27633645685891578425
Sturnidae .29983593868625032867 .32981138504042278193 .14734779887490232241 .22300487739842456697
Suina .34822448274946216567 .26174935592680141297 .13170632918116384690 .25831983214257257443
Sylvioidea .31304899303538321594 .32343766756704417713 .13158164772942074170 .23193169166815186521
Syrphidae .41772624568914258532 .10915923415388274467 .07673682958734689023 .39637769056962777975
Syrphinae .41184934134799846527 .10238201816089013940 .07835400946412584729 .40741463102698554802
Tabaninae .39013048733023332035 .12828522850646291250 .09072659114652682467 .39085769301677694245
Tarsiiformes .32978310393577356666 .26048037973292703472 .12735410241947889273 .28238241391182050587
Tenthredinidae .42241936606761017235 .10415029787064755785 .07049439565576297651 .40293594040597929326
Tephritidae .40799889418836133250 .14110641014496677577 .08989707116667402924 .36099762449999786247
Termitidae .43485111609476114906 .22021015270875105717 .11427558370473140554 .23066314749175638820
Termitinae .42726659425272960657 .21522163925847259359 .11539097240619283493 .24212079408260496490
Testudines .35388234480134225866 .26729138198444409850 .12152399402671832748 .25730227918749531535
Testudinoidea .34626715665367423523 .25566076001371777932 .11557635273029650480 .28249573060231148063
Tetrigoidea .44958097149521304005 .15570050536555377758 .09752922350899080578 .29718929963024237657
Tettigoniidea .38679098097217281685 .17776259212800878687 .09790999694206778624 .33753642995775061002
Tettigonioidea .36775193451256255149 .18665468589189123621 .10103740073172302016 .34455597886382319213
Thraupidae .30020018806538384669 .33059207831907553085 .14063293503225616209 .22857479858328446036
Thripidae .41266297082456888497 .11399452810932281759 .10424382974849427176 .36909867131761402567
Tinamiformes .30134929330724882726 .29820267172893274287 .12533686552541865937 .27511116943839977048
Tingoidea .43693374225289118906 .13179349562328285732 .09029774455306370199 .34097501757076225161
Tipuloidea .38861549704192612978 .13317940465362159976 .09403642978753177694 .38416866851692049350
Tortricidae .40996016864270573711 .10612145069996040157 .07416552141808949244 .40975285923924436887
Toxicofera .34681548123677834966 .26953902456510087429 .12629969036160893615 .25734580383651183988
Trachypithecus .32237949192755048897 .26123256755974769978 .12684682599386609571 .28954111451883571552
Turdus .29347586510910293145 .32609653956358827418 .14804937183160678862 .23237822349570200573
Tylopoda .31109844735710786519 .26510902492426741849 .15235495835957729722 .27143756935904741909
Typhlatya .35834469282567615793 .22406086737768313159 .11055467474799478145 .30703976504864592901
Tyrannidae .30359912507456750845 .31317955856034997017 .12872539272221117518 .25449592364287134619
Unipeltata .35483777314692352853 .17570435938296376105 .12569435931844721578 .34376350815166549461
Ursidae .31312240696488446660 .25570650978782401812 .15378412963028895390 .27738695361700256135
Vermilingua .34555475918878266926 .25460070057843147151 .13088904816224346614 .26895549207054239307
Directory /home/projects/animalia_mito/data/Vespoidea/Vespoidea_renamed.anc.fa does not exist. Skipping...
Viperidae .32839024339542727369 .29372451909460123113 .12382193443108560025 .25406330307888589491
Xanthoidea .34161863192616532835 .20449888381701262786 .10219738113484156865 .35168510312198047512
Xenopus .32828711020294939841 .24497510260773079169 .13516578400901736859 .29157200318030244129
Xerinae .32908965909130768772 .23831688829180858041 .12236093036960128520 .31023252224728244665
Yponomeutoidea .41496459259069547066 .10528315256132802328 .07288078438403059678 .40687147046394590925
Zygaenidae .39926337870140006829 .12405483194302161081 .07957298730019350537 .39710880205538481551
Zygentoma .38420228415957480464 .19988769021481223702 .11206460185390236957 .30384542377171058875
testingHarvest .31 .25 .15 .27
